idx	label	predict	radius	correct	time
0	3	6	0.105	0	0:03:57.174057
100	4	-1	0.0	0	0:04:01.527769
200	5	3	0.344	0	0:04:04.009249
300	6	6	0.574	1	0:04:12.068654
400	9	9	1.58	1	0:04:12.325321
500	4	6	1.1	0	0:04:12.043351
600	8	-1	0.0	0	0:04:12.127079
700	7	7	0.0862	1	0:04:11.863370
800	7	7	1.32	1	0:04:12.209051
900	2	4	0.124	0	0:04:12.252479
1000	5	5	1.65	1	0:04:12.163188
1100	7	8	1.14	0	0:04:12.052393
1200	8	8	0.213	1	0:04:12.084313
1300	4	4	0.0772	1	0:04:12.098659
1400	5	5	0.532	1	0:04:11.962415
1500	1	1	0.607	1	0:04:12.220201
1600	8	9	0.182	0	0:04:12.014193
1700	5	-1	0.0	0	0:04:12.034882
1800	4	0	0.199	0	0:04:11.809881
1900	8	8	0.845	1	0:04:12.038631
2000	1	6	0.866	0	0:04:11.843268
2100	2	-1	0.0	0	0:04:12.031969
2200	0	0	1.84	1	0:04:11.361626
2300	3	6	0.15	0	0:04:11.519896
2400	0	0	1.91	1	0:04:12.101391
2500	4	6	0.42	0	0:04:11.227980
2600	8	8	1.33	1	0:04:11.997879
2700	9	-1	0.0	0	0:04:11.666296
2800	4	-1	0.0	0	0:04:11.679410
2900	3	5	1.91	0	0:04:11.670796
3000	5	5	1.91	1	0:04:11.798400
3100	0	0	1.52	1	0:04:11.756170
3200	5	7	0.757	0	0:04:11.431892
3300	4	-1	0.0	0	0:04:11.798432
3400	6	4	1.24	0	0:04:10.999912
3500	1	1	1.1	1	0:04:11.387675
3600	4	2	0.619	0	0:04:11.693363
3700	3	5	1.23	0	0:04:12.420278
3800	9	9	0.0356	1	0:04:11.982095
3900	3	3	0.0649	1	0:04:11.618440
4000	8	0	0.217	0	0:04:11.907515
4100	7	7	1.87	1	0:04:11.544350
4200	4	-1	0.0	0	0:04:11.627096
4300	8	8	0.788	1	0:04:11.844417
4400	3	-1	0.0	0	0:04:12.485587
4500	3	-1	0.0	0	0:04:11.634311
4600	4	7	1.19	0	0:04:09.680353
4700	6	-1	0.0	0	0:04:07.345932
4800	9	9	1.28	1	0:04:06.335859
4900	3	2	0.063	0	0:04:06.473439
5000	7	7	1.49	1	0:04:07.124729
5100	3	3	0.407	1	0:04:05.846218
5200	3	3	0.939	1	0:04:02.464282
5300	9	1	0.676	0	0:04:05.409432
5400	9	8	0.398	0	0:04:04.252792
5500	8	-1	0.0	0	0:04:00.622226
5600	6	6	0.173	1	0:04:01.492764
5700	3	3	0.0381	1	0:04:00.597521
5800	2	7	0.105	0	0:04:08.959936
5900	4	-1	0.0	0	0:04:08.314934
6000	8	9	0.428	0	0:04:06.752171
6100	1	1	0.345	1	0:04:05.697971
6200	3	-1	0.0	0	0:04:09.319031
6300	1	1	0.192	1	0:04:11.021965
6400	0	1	0.364	0	0:04:11.032196
6500	7	-1	0.0	0	0:04:09.882002
6600	7	7	1.87	1	0:04:10.498785
6700	6	6	0.301	1	0:04:10.302839
6800	6	6	0.586	1	0:04:10.014486
6900	3	7	0.626	0	0:04:09.513928
7000	2	8	0.267	0	0:04:09.832970
7100	9	9	0.354	1	0:04:10.717658
7200	4	6	0.309	0	0:04:09.756075
7300	3	-1	0.0	0	0:04:10.331281
7400	3	-1	0.0	0	0:04:10.313389
7500	6	-1	0.0	0	0:04:09.668046
7600	8	-1	0.0	0	0:04:09.805416
7700	6	6	1.36	1	0:04:10.230562
7800	0	0	0.9	1	0:04:09.402112
7900	0	6	0.207	0	0:04:10.507438
8000	9	9	0.819	1	0:04:09.871886
8100	6	4	1.01	0	0:04:09.737324
8200	3	7	0.237	0	0:04:09.800734
8300	5	-1	0.0	0	0:04:10.121124
8400	0	-1	0.0	0	0:04:09.872007
8500	4	4	1.34	1	0:04:10.569159
8600	3	-1	0.0	0	0:04:10.063473
8700	3	5	0.649	0	0:04:09.635269
8800	0	0	1.91	1	0:04:10.181021
8900	2	6	0.544	0	0:04:09.825558
9000	8	8	0.48	1	0:04:09.960527
9100	9	5	0.304	0	0:04:09.950410
9200	8	8	0.0857	1	0:04:10.353647
9300	5	-1	0.0	0	0:04:10.147537
9400	6	6	0.73	1	0:04:09.392481
9500	9	9	0.343	1	0:04:10.405669
9600	8	8	0.54	1	0:04:10.264455
9700	0	0	0.856	1	0:04:09.990931
9800	1	1	1.75	1	0:04:10.976082
9900	8	0	0.483	0	0:04:10.266562
